0.0 1.0 0.0 0.0 0.0
0.04005340453938585 0.998396585738 -0.0800211763468 0.00320747422133 0.160106573285
0.0801068090787717 0.993596615536 -0.159528949528 0.0128170545657 0.319571276618
0.12016021361815754 0.985630902267 -0.238012635988 0.0287902109275 0.477755176012
0.1602136181575434 0.97455060195 -0.314966876942 0.0510629437645 0.634025069553
0.20026702269692923 0.960426972397 -0.389894213775 0.0795460414953 0.787756266583
0.24032042723631508 0.94335098268 -0.462307890304 0.114125501785 0.938335609945
0.2803738317757009 0.923432848694 -0.531734183395 0.154663032134 1.08516399278
0.3204272363150868 0.900801457024 -0.597714980072 0.200996671114 1.22765914417
0.3604806408544726 0.875603689478 -0.659810167969 0.252941517075 1.36525821805
0.40053404539385845 0.848003641843 -0.717599971611 0.310290571505 1.49742032835
0.44058744993324434 0.81818178927 -0.770687142691 0.372815640512 1.62362893093
0.48064085447263016 0.786334036816 -0.818699027279 0.440268361241 1.7433940798
0.520694259012016 0.752670693774 -0.861289568901 0.512381311649 1.85625461999
0.5607476635514018 0.717415362563 -0.898141186502 0.588869213836 1.96178025258
0.6008010680907877 0.680803784081 -0.928966449805 0.669430185896 2.05957338725
0.6408544726301736 0.643082528223 -0.953509710592 0.753747163485 2.14927095921
0.6809078771695594 0.604507701492 -0.971548465943 0.841489304815 2.23054596189
0.7209612817089452 0.5653441214 -0.982894152062 0.932312889619 2.30310834602
0.7610146862483311 0.525862863598 -0.987394165729 1.02586399227 2.36670733423
0.8010680907877169 0.486340274101 -0.984932668642 1.12177955913 2.42113234363
0.8411214953271028 0.447057096482 -0.975429883002 1.2196883747 2.46621231078
0.8811748998664887 0.408296298715 -0.958844079977 1.31921343284 2.50181795723
0.9212283044058746 0.370341789157 -0.935171350264 1.41997335481 2.52786165318
0.9612817089452603 0.333476871116 -0.904445879815 1.52158409308 2.54429783675
1.0013351134846462 0.297982717015 -0.866739852591 1.62366061875 2.55112304149
1.041388518024032 0.264136853655 -0.822163232825 1.7258186033 2.54837579956
1.081441922563418 0.232211631051 -0.770863468804 1.82767611891 2.53613646465
1.1214953271028036 0.202472781105 -0.713024665812 1.92885525937 2.51452648425
1.1615487316421895 0.175177910055 -0.648867040278 2.02898382272 2.48370796381
1.2016021361815754 0.150575112282 -0.578645927544 2.12769688122 2.44388276536
1.2416555407209613 0.128901582957 -0.50265031809 2.22463836515 2.39529111875
1.2817089452603472 0.110382251485 -0.421201709144 2.31946261646 2.33821055834
1.321762349799733 0.0952285909213 -0.334653030105 2.41183575893 2.27295493021
1.3618157543391187 0.0836372972833 -0.243386418211 2.50143723489 2.199872214
1.4018691588785046 0.0757892409251 -0.147811845937 2.58796103876 2.119343215
1.4419225634178905 0.0718483048544 -0.0483649589613 2.67111708797 2.03177944526
1.4819759679572764 0.0719604779759 0.0544948484301 2.75063232698 1.93762123761
1.5220293724966623 0.0762528917134 0.160286681994 2.82625189742 1.83733552864
1.5620827770360481 0.0848330301344 0.268510405106 2.89774013132 1.73141362287
1.6021361815754338 0.0977880007047 0.378649057221 2.96488148656 1.62036878846
1.6421895861148197 0.115183895461 0.490171341885 3.02748139237 1.50473377551
1.6822429906542056 0.137065304745 0.602534110525 3.08536693938 1.38505832957
1.7222963951935915 0.163454843564 0.715185119925 3.13838756291 1.26190642395
1.7623497997329773 0.19435289021 0.827565558585 3.18641550525 1.13585371415
1.8024032042723632 0.229737356621 0.939112832769 3.22934625172 1.00748472497
1.842456608811749 0.269563577579 1.04926334351 3.26709884571 0.877390038506
1.8825100133511348 0.313764343372 1.15745518963 3.29961605585 0.746163547662
1.9225634178905207 0.36225002293 1.26313093625 3.32686445281 0.614399636177
1.9626168224299065 0.414908789327 1.36574035365 3.34883438137 0.48269038083
2.0026702269692924 0.471606966454 1.46474314585 3.36553980882 0.351622755497
2.0427236315086783 0.532189482906 1.55961160377 3.37701806265 0.221775903199
2.082777036048064 0.596480425942 1.64983323921 3.38332946573 0.0937184196144
2.12283044058745 0.66428370372 1.73491334299 3.38455685953 -0.0319942951057
2.162883845126836 0.735383805771 1.81437744721 3.38080502501 -0.154822595833
2.202937249666222 0.809546665493 1.88777373198 3.37219999818 -0.274245103925
2.2429906542056073 0.886520608602 1.95467529213 3.35888829446 -0.389761085303
2.283044058744993 0.966037399207 2.01468232579 3.34103603174 -0.500892757649
2.323097463284379 1.04781336479 2.06742417065 3.31882796887 -0.607187451633
2.363150867823765 1.13155060037 2.11256122088 3.29246646023 -0.708219659349
2.403204272363151 1.2169382547 2.14978670868 3.26217032305 -0.803592953863
2.4432576769025367 1.30365386806 2.17882830519 3.22817364674 -0.892941733574
2.4833110814419226 1.39136479488 2.19944960243 3.19072451267 -0.975932854262
2.5233644859813085 1.4797296545 2.21145138393 3.1500836784 -1.05226705434
2.5634178905206944 1.56839985623 2.21467276166 3.10652318244 -1.12168025275
2.6034712950600802 1.65702114642 2.20899210369 3.06032491972 -1.18394464185
2.643524699599466 1.7452351977 2.19432779433 3.01177916847 -1.23886961791
2.683578104138852 1.83268122817 2.17063880235 2.96118308027 -1.28630252433
2.7236315086782374 1.91899761976 2.13792505008 2.90883916341 -1.32612919921
2.7636849132176233 2.00382360169 2.09622761638 2.85505369515 -1.35827436279
2.803738317757009 2.08680084397 2.0456286992 2.80013521437 -1.38270176452
2.843791722296395 2.16757515155 1.98625142626 2.74439290833 -1.39941418575
2.883845126835781 2.24579805454 1.91825945194 2.68813509387 -1.40845322796
2.923898531375167 2.32112845971 1.84185636555 2.63166763108 -1.40989891842
2.9639519359145527 2.3932341978 1.7572849126 2.57529243179 -1.40386912816
3.0040053404539386 2.46179360455 1.66482601873 2.5193059276 -1.39051879748
3.0440587449933245 2.52649700218 1.56479765327 2.46399762852 -1.37003900055
3.0841121495327104 2.58704817785 1.45755348958 2.40964867714 -1.34265581016
3.1241655540720963 2.64316576858 1.343481421 2.35653048766 -1.30862901768
3.164218958611482 2.69458461241 1.2230018969 2.3049034113 -1.26825067502
3.2042723631508676 2.7410569945 1.09656606912 2.25501549552 -1.221843447
3.2443257676902535 2.78235387367 0.964653915871 2.20710126159 -1.1697589409
3.2843791722296394 2.81826596534 0.827772038645 2.16138060818 -1.11237571012
3.3244325767690253 2.84860476749 0.686451493792 2.1180577707 -1.05009729015
3.364485981308411 2.87320349012 0.541245412227 2.07732036531 -0.983350023242
3.404539385847797 2.89191793506 0.392726581416 2.03933847917 -0.912580844524
3.444592790387183 2.90462716502 0.241484838952 2.00426395508 -0.838254876194
3.484646194926569 2.91123417245 0.0881244668458 1.97222967567 -0.76085302253
3.5246995994659547 2.91166642219 -0.066738513616 1.94334896452 -0.680869463166
3.5647530040053406 2.90587619494 -0.222479151679 1.91771517211 -0.5988090372
3.6048064085447264 2.89384097972 -0.378466323001 1.89540121685 -0.515184681806
3.6448598130841123 2.87556360451 -0.534065621452 1.8764593691 -0.430514728961
3.684913217623498 2.85107233184 -0.688642204191 1.86092106875 -0.345320246831
3.7249666221628837 2.82042077421 -0.841563677333 1.84879691128 -0.260122335449
3.7650200267022695 2.78368781803 -0.992202935952 1.84007662603 -0.175439467361
3.8050734312416554 2.7409772977 -1.13994102787 1.83472928809 -0.0917847966048
3.8451268357810413 2.6924176328 -1.28416995248 1.83270356563 -0.00966353009607
3.885180240320427 2.63816132923 -1.42429542415 1.83392809479 0.0704296709946
3.925233644859813 2.57838437642 -1.5597395706 1.83831195234 0.148013229785
3.965287049399199 2.51328553678 -1.68994355887 1.84574522974 0.222621125226
4.005340453938585 2.4430855309 -1.81437013362 1.85609970542 0.293805281559
4.04539385847797 2.36802611635 -1.93250604994 1.86922961707 0.361137858578
4.085447263017357 2.28836911405 -2.04386444192 1.88497248345 0.42421348107
4.125500667556742 2.20439526001 -2.14798699095 1.90315009044 0.482651279146
4.165554072096128 2.11640304115 -2.24444601936 1.92356949207 0.536096856565
4.205607476635514 2.02470743644 -2.3328464474 1.94602410055 0.584224129452
4.2456608811749 1.92963856296 -2.41282756983 1.97029486566 0.626736992943
4.285714285714286 1.83154026345 -2.48406467286 1.99615150884 0.66337083507
4.325767690253672 1.73076864655 -2.54627052626 2.02335380151 0.693893931307
4.365821094793057 1.6276905432 -2.59919663463 2.05165292181 0.718108608596
4.405874499332444 1.52268192664 -2.64263432119 2.0807928449 0.735852248793
4.445927903871829 1.41612640594 -2.67641603918 2.11051166462 0.746998510149
4.485981308411215 1.30841335103 -2.70041533584 2.14054325765 0.751457258049
4.526034712950601 1.19993644445 -2.71454831514 2.17061855068 0.749175931219
4.566088117489986 1.09109181508 -2.71877307445 2.20046717272 0.740138966095
4.606141522029373 0.982276465975 -2.71309079122 2.2298188379 0.724368803072
4.646194926568758 0.873886469364 -2.6975447493 2.25840493634 0.701924916985
4.686248331108144 0.766315320594 -2.67222102036 2.28595998468 0.672904434908
4.72630173564753 0.659952241065 -2.63724715132 2.31222311096 0.637440842396
4.766355140186916 0.555180484431 -2.5927923811 2.33693954754 0.595704155625
4.806408544726302 0.452375756141 -2.5390660468 2.3598620022 0.54789935915
4.846461949265688 0.351904526189 -2.47631728417 2.38075214098 0.494266083279
4.886515353805073 0.254122587163 -2.40483321895 2.39938182472 0.435076838217
4.926568758344459 0.159373421602 -2.32493809765 2.41553453546 0.370636145949
4.966622162883845 0.0679867833037 -2.23699175279 2.42900659257 0.301279038216
5.006675567423231 -0.0197225633839 -2.14138743011 2.43960821274 0.227368945806
5.046728971962617 -0.103456316057 -2.03854985882 2.44716477502 0.149295816029
5.086782376502002 -0.18293377579 -1.92893410318 2.45151777395 0.0674749884397
5.126835781041389 -0.257893021215 -1.81302327529 2.4525257957 -0.0176550232857
5.166889185580774 -0.328092013568 -1.69132554142 2.45006542255 -0.105635422654
5.2069425901201605 -0.393309536993 -1.56437229388 2.44403198846 -0.195988901087
5.246995994659546 -0.45334608164 -1.43271560828 2.43434027445 -0.28822209127
5.287049399198932 -0.508024621638 -1.296925659 2.42092510301 -0.381828056526
5.327102803738318 -0.557191286786 -1.1575880787 2.4037418304 -0.47628882984
5.367156208277704 -0.600715908144 -1.01530124176 2.38276671784 -0.571078020762
5.4072096128170895 -0.638492502009 -0.870673515301 2.35799724363 -0.665663450662
5.447263017356475 -0.670439653066 -0.724320474067 2.32945231875 -0.759509818143
5.487316421895861 -0.696500580071 -0.576861991045 2.29717219838 -0.852081469333
5.527369826435247 -0.716643593264 -0.428919515553 2.26121876924 -0.942845005239
5.567423230974633 -0.730861585547 -0.281113074734 2.22167491306 -1.03127210878
5.607476635514018 -0.739172515768 -0.134058550648 2.17864481854 -1.11684215446
5.647530040053405 -0.741618571178 0.0116351667869 2.13225303466 -1.19904486926
5.68758344459279 -0.738266439955 0.155368991981 2.08264458071 -1.27738301845
5.7276368491321765 -0.729206282916 0.296556247029 2.02998382306 -1.35137481611
5.767690253671562 -0.714551679901 0.434625735003 1.97445426146 -1.42055684206
5.807743658210948 -0.694438699192 0.569022899692 1.91625756889 -1.48448507899
5.847797062750334 -0.669025126729 0.699214954071 1.85561258083 -1.54273973682
5.88785046728972 -0.638489751034 0.824690679026 1.79275461024 -1.59492500144
5.9279038718291055 -0.603031251452 0.94496389655 1.72793418713 -1.64067225557
5.967957276368491 -0.562867298198 1.05957547959 1.66141608001 -1.67964191666
6.008010680907877 -0.518233215807 1.16809553175 1.59347788018 -1.71152539872
6.048064085447263 -0.469381209076 1.27012466012 1.524409181 -1.73604625727
6.088117489986649 -0.416579015343 1.36529576917 1.45451016788 -1.75296177503
6.1281708945260345 -0.360107870002 1.45327682852 1.38408948723 -1.76206541345
6.168224299065421 -0.300261682127 1.5337715407 1.31346340307 -1.76318736644
6.208277703604806 -0.237345742408 1.60651946636 1.24295451679 -1.75619453827
6.248331108144193 -0.171674916188 1.67129869691 1.1728898638 -1.74099292388
6.288384512683578 -0.10357215241 1.72792563257 1.10359945053 -1.71752722028
6.328437917222964 -0.0333670353468 1.77625650517 1.03541475628 -1.68578213371
6.36849132176235 0.0386059633912 1.81618695436 0.968667022015 -1.64578174991
6.408544726301735 0.112008924416 1.84765324557 0.903685775815 -1.59759054943
6.4485981308411215 0.186502245157 1.87063149941 0.840797121338 -1.54131242792
6.488651535380507 0.261746139464 1.88513858133 0.780322216365 -1.47709138215
6.528704939919893 0.337402311691 1.89123076015 0.722575673687 -1.40510996574
6.568758344459279 0.413135509992 1.88900380906 0.667864021321 -1.32558918685
6.608811748998665 0.488615088275 1.87859248294 0.616484180721 -1.23878778428
6.6488651535380505 0.563516568789 1.86016931733 0.568721973785 -1.14500082786
6.688918558077437 0.637523122113 1.83394377821 0.524850697194 -1.04455867175
6.728971962616822 0.710327029496 1.80016104408 0.48512973053 -0.937825542393
6.769025367156209 0.781631088011 1.75910061353 0.449803209421 -0.825197955094
6.809078771695594 0.851149945266 1.71107476729 0.419098776528 -0.707102988811
6.84913217623498 0.918611387533 1.65642690222 0.393226384951 -0.583996435618
6.889185580774366 0.983757554622 1.59552970186 0.372377182993 -0.456360790661
6.929238985313751 1.04634605955 1.5287831399 0.356722502897 -0.324703080271
6.969292389853138 1.10615104687 1.45661240274 0.346412915633 -0.189552612456
7.009345794392523 1.16296413173 1.37946564431 0.34157741464 -0.0514585661489
7.049399198931909 1.21659533512 1.29781174259 0.342322603345 0.0890124175993
7.089452603471295 1.26687394261 1.2121379866 0.348731964282 0.231278709696
7.129506008010681 1.31364891572 1.12294724672 0.360865608002 0.374746659209
7.169559412550067 1.35678962776 1.03075546355 0.378759675865 0.518813258792
7.209612817089453 1.39618643313 0.936089461059 0.402425905038 0.662868475781
7.249666221628838 1.4317508979 0.839483806524 0.431851574716 0.806298518799
7.289719626168225 1.46341612802 0.741478362444 0.466999330258 0.948488415823
7.32977303070761 1.49113692069 0.64261545989 0.507807201913 1.08882496193
7.369826435246996 1.51488979247 0.543437198445 0.554188749346 1.2266995314
7.409879839786382 1.53467292573 0.444482797196 0.606033289618 1.36151083357
7.449933244325767 1.55050600241 0.346285785002 0.663206246181 1.49266782359
7.489986648865154 1.56242990781 0.249371464429 0.725549626793 1.61959232842
7.530040053404539 1.57050635567 0.154254144374 0.792882589557 1.74172190158
7.570093457943925 1.57481740836 0.0614347819102 0.865002109838 1.85851225621
7.610146862483311 1.57546486998 -0.0286016781224 0.941683785127 1.96943999696
7.650200267022697 1.572569616 -0.115388580845 1.02268269922 2.07400495798
7.690253671562083 1.56627080972 -0.198479882051 1.10773440551 2.17173257783
7.730307076101469 1.55672502785 -0.277452369357 1.19655600284 2.26217616658
7.770360480640854 1.54410530639 -0.351907721309 1.28884729197 2.34491900242
7.810413885180241 1.52860010434 -0.421474452757 1.38429201587 2.41957630658
7.850467289719626 1.51041219117 -0.485809720972 1.48255917722 2.48579707063
7.890520694259012 1.48975746232 -0.544600978847 1.58330442862 2.5432657223
7.930574098798398 1.46686371119 -0.597567521116 1.68617150651 2.59170367864
7.970627503337783 1.44196930764 -0.644461793175 1.79079375898 2.63087064919
8.01068090787717 1.41532185084 -0.685070569964 1.89679569845 2.66056580341
8.050734312416555 1.3871767844 -0.719216010724 2.00379459199 2.68062880784
8.09078771695594 1.35779594246 -0.746756412579 2.11140211912 2.69094054803
8.130841121495328 1.32744610262 -0.76758689521 2.21922602174 2.69142377901
8.170894526034713 1.29639750176 -0.781639896655 2.32687179011 2.6820435782
8.210947930574099 1.26492232526 -0.788885350053 2.43394437199 2.6628074656
8.251001335113484 1.23329320969 -0.789330637949 2.5400498651 2.63376529263
8.291054739652871 1.20178174872 -0.783020979316 2.64479721173 2.59500958165
8.331108144192257 1.17065699111 -0.770039294278 2.74779989477 2.54667532119
8.371161548731642 1.14018396807 -0.750504578732 2.84867758269 2.48893820938
8.411214953271028 1.11062210245 -0.724571873915 2.94705791946 2.42201455706
8.451268357810413 1.08222385679 -0.692431442881 3.0425780546 2.34616036794
8.4913217623498 1.05523361672 -0.654308336749 3.13488593339 2.26167082794
8.531375166889186 1.02988589937 -0.610460148014 3.22364226571 2.16887789664
8.571428571428571 1.00640431451 -0.561176248411 3.30852172982 2.06814945345
8.611481975967957 0.985000335231 -0.506776338947 3.38921436552 1.95988772531
8.651535380507344 0.965871902934 -0.447608375755 3.46542713198 1.84452706284
8.69158878504673 0.949202614108 -0.384047146452 3.53688486423 1.72253239135
8.731642189586115 0.935160544553 -0.316492173903 3.60333160154 1.59439696557
8.7716955941255 0.923897222401 -0.245365560258 3.6645317584 1.46064006092
8.811748998664887 0.91554696199 -0.171109987298 3.72027091602 1.32180482411
8.851802403204273 0.910225899835 -0.0941862014151 3.7703569238 1.17845559045
8.891855807743658 0.908031333162 -0.015070644173 3.8146206819 1.03117534874
8.931909212283044 0.909041329843 0.0657466852385 3.85291663876 0.880563440555
8.97196261682243 0.913314118159 0.147764976756 3.88512351462 0.727232633023
9.012016021361816 0.920887584075 0.230475375902 3.91114490979 0.571806168475
9.052069425901202 0.931779142976 0.313363397927 3.93090952134 0.414915172095
9.092122830440587 0.94598558012 0.3959115917 3.94437138868 0.257195800979
9.132176234979973 0.963482911994 0.477602291615 3.95151011367 0.09928629998
9.17222963951936 0.984226450732 0.557920297336 3.9523308668 -0.0581758713056
9.212283044058745 1.00815098242 0.636355502457 3.9468642714 -0.214556862319
9.25233644859813 1.0351710093 0.712405588184 3.93516621755 -0.369229324638
9.292389853137516 1.06518110256 0.785578618938 3.91731755687 -0.52157520748
9.332443257676903 1.09805639098 0.85539561962 3.89342365245 -0.670988537834
9.372496662216289 1.13365311291 0.921393086843 3.86361385973 -0.816878134933
9.412550066755674 1.17180929769 0.983125412718 3.82804086656 -0.958670239111
9.45260347129506 1.21234552114 1.04016723357 3.78687995346 -1.09581106581
9.492656875834445 1.25506576619 1.09211569808 3.7403281396 -1.22776928009
9.532710280373832 1.2997583657 1.13859259784 3.68860323822 -1.35403833302
9.572763684913218 1.34619703246 1.17924639744 3.63194281678 -1.47413869772
9.612817089452603 1.39414196547 1.21375412891 3.57060307255 -1.58761996911
9.652870493991989 1.44334106411 1.24182307515 3.50485758804 -1.69406275108
9.692923898531376 1.49353109125 1.26319255299 3.43499614319 -1.7930806441
9.732977303070761 1.54443899368 1.27763534046 3.36132335094 -1.88432187381
9.773030707610147 1.5957834323 1.28495864353 3.28415705734 -1.96747045533
9.813084112149532 1.64727588833 1.28500591639 3.2038272148 -2.04224821719
9.853137516688918 1.69862248934 1.27765681858 3.1206739385 -2.10841494316
9.893190921228305 1.74952513409 1.26282912868 3.03504636315 -2.16577049207
9.93324432576769 1.79968331036 1.24047816859 2.94730068993 -2.21415439523
9.973297730307076 1.84879541223 1.21059828294 2.85779882702 -2.25344753832
10.013351134846461 1.8965604168 1.17322213562 2.76690657817 -2.2835716241
10.053404539385848 1.94267938346 1.12842138979 2.67499206559 -2.30449004312
10.093457943925234 1.98685699572 1.07630624755 2.58242406664 -2.31620758044
10.13351134846462 2.0288031433 1.01702494298 2.48957030722 -2.31877007611
10.173564753004005 2.06823438613 0.950763625351 2.39679589092 -2.31226448014
10.213618157543392 2.10487545532 0.877744876137 2.30446163897 -2.2968175124
10.253671562082777 2.13846083485 0.798228187853 2.21292242112 -2.2725963307
10.293724966622163 2.16873602518 0.712507851021 2.12252571338 -2.23980653707
10.333778371161548 2.19545890504 0.620911200733 2.03361006916 -2.1986905555
10.373831775700934 2.21840133146 0.523797370953 1.94650336728 -2.1495265383
10.413885180240321 2.23735011636 0.42155635645 1.86152170532 -2.09262756105
10.453938584779706 2.25210809318 0.314607834799 1.77896819245 -2.02834057597
10.493991989319092 2.26249545986 0.203398308919 1.69913139637 -1.95704365924
10.534045393858477 2.26835095322 0.0883985301269 1.62228397018 -1.87914353668
10.574098798397864 2.26953267794 -0.0298980367895 1.54868167195 -1.79507416138
10.61415220293725 2.26591875792 -0.150976972447 1.47856255224 -1.705295051
10.654205607476635 2.257408348 -0.274305949369 1.4121457293 -1.61028832627
10.69425901201602 2.24392225238 -0.399337060357 1.34963058664 -1.51055646377
10.734312416555408 2.22540348884 -0.525509359383 1.29119601708 -1.40661982793
10.774365821094793 2.201817758 -0.652251498878 1.23699975774 -1.29901409877
10.814419225634179 2.17315380827 -0.778984419321 1.18717782726 -1.18828763961
10.854472630173564 2.13942370222 -0.905124082189 1.14184405935 -1.07499881431
10.89452603471295 2.10066293475 -1.0300842498 1.1010897823 -0.959713246675
10.934579439252337 2.05693048313 -1.15327926305 1.06498356583 -0.843001077097
10.974632843791722 2.00830873225 -1.27412683749 1.03357109118 -0.725434191654
11.014686248331108 1.954903265 -1.39205084971 1.00687515518 -0.607583451115
11.054739652870493 1.89684256957 -1.50648409589 0.98489575714 -0.490015941483
11.09479305740988 1.83427762167 -1.61687101866 0.967610310562 -0.373292246857
11.134846461949266 1.76738140527 -1.72267040534 0.954973916391 -0.257963746304
11.174899866488651 1.69634820792 -1.82335797701 0.946919862277 -0.144570002533
11.214953271028037 1.62139296929 -1.91842897266 0.943360069218 -0.0336361592598
11.255006675567424 1.54275039361 -2.00740057964 0.944185775852 0.0743295262953
11.29506008010681 1.46067403985 -2.08981429733 0.949268246395 0.178838086681
11.335113484646195 1.3754353346 -2.16523823609 0.958459556786 0.279422189159
11.37516688918558 1.28732240174 -2.23326918156 0.971593568033 0.375638262189
11.415220293724966 1.19663892234 -2.29353464839 0.988486869892 0.467068609772
11.455273698264353 1.10370285997 -2.34569475735 1.0089398623 0.553323361148
11.495327102803738 1.00884508559 -2.38944387769 1.03273794205 0.634042197119
11.535380507343124 0.912408020482 -2.42451227338 1.05965267165 0.708896079166
11.57543391188251 0.814744140471 -2.45066744869 1.08944309316 0.77758869301
11.615487316421897 0.716214459345 -2.46771534266 1.12185706653 0.839857746137
11.655540720961282 0.617186975819 -2.47550138915 1.15663264774 0.895476136381
11.695594125500667 0.518035055471 -2.4739113097 1.19349953829 0.944252863786
11.735647530040053 0.419135924845 -2.4628723608 1.23218041167 0.986034379072
11.77570093457944 0.320868861392 -2.44235297423 1.27239258442 1.02070438463
11.815754339118826 0.22361345691 -2.41236321939 1.31384959149 1.04818443075
11.855807743658211 0.127748025791 -2.3729550827 1.35626262488 1.06843432783
11.895861148197596 0.0336481922287 -2.32422267837 1.39934179875 1.08145248425
11.935914552736982 -0.0583152316785 -2.2663013243 1.44279814278 1.08727517294
11.975967957276369 -0.147777594676 -2.19936746012 1.48634481385 1.08597658305
12.016021361815755 -0.234382090258 -2.12363789824 1.52969865662 1.07766824217
12.05607476635514 -0.317781421412 -2.03936886148 1.57258175078 1.06249822528
12.096128170894525 -0.397639327211 -1.94685496536 1.61472282588 1.04065030888
12.136181575433913 -0.473632095393 -1.84642797745 1.65585866976 1.01234290801
12.176234979973298 -0.54545002289 -1.73845540373 1.69573549195 0.977827844458
12.216288384512684 -0.612798805433 -1.62333888223 1.73411022482 0.937388926435
12.256341789052069 -0.675400896714 -1.5015125011 1.77075179762 0.891340454344
12.296395193591454 -0.732996740559 -1.37344084087 1.80544229717 0.840025456491
12.336448598130842 -0.78534599492 -1.23961700203 1.83797812111 0.783813910336
12.376502002670227 -0.832228559427 -1.1005603221 1.86817095302 0.723100659098
12.416555407209612 -0.873445683624 -0.9568142215 1.89584881065 0.658303454702
12.456608811748998 -0.908820740748 -0.808943602883 1.92085678892 0.589860561971
12.496662216288385 -0.938200220644 -0.657532562909 1.94305800265 0.518228669642
12.53671562082777 -0.961454237103 -0.503181546682 1.96233408453 0.443880253134
12.576769025367156 -0.978477347737 -0.346504893688 1.97858596883 0.367301322168
12.616822429906541 -0.989188851815 -0.188127891411 1.9917341952 0.288988683142
12.656875834445929 -0.993533286971 -0.0286840988739 2.00171939422 0.209447466755
12.696929238985314 -0.991480701236 0.131187536284 2.00850256625 0.129188452054
12.7369826435247 -0.983026917785 0.290845469212 2.01206535258 0.0487254797615
12.777036048064085 -0.968193198476 0.449648646606 2.01240975025 -0.03142743014
12.81708945260347 -0.947026721837 0.606959161976 2.00955858039 -0.110758530287
12.857142857142858 -0.919599790177 0.762145253617 2.00355477815 -0.188761143947
12.897196261682243 -0.886010183289 0.914584098821 1.99446174664 -0.264936253639
12.937249666221629 -0.846380037099 1.0636645853 1.98236234034 -0.338795081096
12.977303070761014 -0.800856017199 1.20879017455 1.9673590525 -0.409861745059
13.017356475300401 -0.749608053787 1.34938135556 1.94957286675 -0.477675532702
13.057409879839787 -0.692829095638 1.4848788457 1.92914305699 -0.541793874161
13.097463284379172 -0.63073418027 1.61474419854 1.90622633374 -0.60179289228
13.137516688918558 -0.563559038136 1.73846570766 1.88099560502 -0.657272878187
13.177570093457945 -0.491559698963 1.85555732386 1.85363960864 -0.707857266726
13.21762349799733 -0.415010881427 1.96556228412 1.82436145808 -0.753195980019
13.257676902536716 -0.334205067858 2.06805505846 1.79337780993 -0.792967216513
13.297730307076101 -0.249451065466 2.16264318919 1.76091755885 -0.826879121927
13.337783711615486 -0.161072649691 2.24896900229 1.72722060905 -0.854671339862
13.377837116154874 -0.069407750449 2.32671058317 1.69253713751 -0.87611589378
13.41789052069426 0.0251941686445 2.3955843875 1.65712522185 -0.891019524073
13.457943925233645 0.122373088165 2.45534593736 1.62124995558 -0.899224296625
13.49799732977303 0.221759682307 2.50579018639 1.58518231965 -0.900607882027
13.538050734312417 0.322977339401 2.54675311759 1.54919735827 -0.895084959527
13.578104138851803 0.425643707162 2.57811219776 1.51357278655 -0.882607562101
13.618157543391188 0.529372364635 2.59978684343 1.47858748647 -0.863165422879
13.658210947930574 0.63377450763 2.6117387061 1.4445199937 -0.836786147239
13.69826435246996 0.738460643298 2.6139717597 1.41164697975 -0.803535194159
13.738317757009346 0.843042284147 2.60653215064 1.38024173965 -0.763515628776
13.778371161548732 0.947133630476 2.58950790781 1.3505726937 -0.716867740295
13.818424566088117 1.05035324011 2.56302844077 1.32290190605 -0.663768456078
13.858477970627503 1.15232567119 2.52726382146 1.29748363367 -0.604430547891
13.89853137516689 1.25268309051 2.4824238939 1.27456291246 -0.539101673311
13.938584779706275 1.35106681128 2.42875707115 1.25437421807 -0.468063117966
13.97863818424566 1.4471289007 2.36654943949 1.2371400528 -0.391628831653
14.018691588785046 1.54053370023 2.29612351064 1.22306962439 -0.310144128172
14.058744993324433 1.63095899401 2.21783573495 1.21235789173 -0.223983202498
14.098798397863819 1.71809758774 2.1320751614 1.2051841886 -0.133547739305
14.138851802403204 1.80165852092 2.03926159246 1.20171121381 -0.0392650483061
14.17890520694259 1.8813681642 1.93984418176 1.20208412388 0.0584133681333
14.218958611481977 1.95697141575 1.83429863242 1.20642955812 0.159014602265
14.259012016021362 2.02823279737 1.72312448004 1.21485475955 0.262047041624
14.299065420560748 2.09493723759 1.6068435563 1.22744697655 0.36700191509
14.339118825100133 2.15689094892 1.48599725006 1.24427279677 0.473356004678
14.379172229639519 2.21392221931 1.36114360376 1.26537756742 0.580574512327
14.419225634178906 2.26588195627 1.23285501633 1.2907850457 0.68811332717
14.459279038718291 2.31264423224 1.10171541657 1.32049705707 0.795421804491
14.499332443257677 2.35410670621 0.968317476477 1.35449327344 0.901945498776
14.539385847797062 2.39019089612 0.833259873911 1.39273113646 1.00712884009
14.57943925233645 2.42084237241 0.69714445939 1.43514585855 1.11041789809
14.619492656875835 2.44603082989 0.560573449823 1.48165054196 1.21126311144
14.65954606141522 2.4657500396 0.424146650328 1.53213641423 1.30912198188
14.699599465954606 2.48001771004 0.288458499284 1.58647315488 1.40346193594
14.739652870493993 2.48887521475 0.154095393633 1.64450934666 1.49376290105
14.779706275033378 2.49238719528 0.0216332766988 1.70607304237 1.57951961396
14.819759679572764 2.49064109531 -0.108365581173 1.77097241532 1.66024472157
14.85981308411215 2.4837465664 -0.235354977565 1.83899651645 1.73547105753
14.899866488651535 2.47183479788 -0.358806799762 1.90991609692 1.80475354197
14.939919893190922 2.45505770928 -0.478213983751 1.98348458509 1.86767200178
14.979973297730307 2.43358707284 -0.593092647521 2.05943911181 1.92383316625
15.020026702269693 2.40761354257 -0.702984271188 2.13750162762 1.97287270196
15.060080106809078 2.37734559516 -0.807457749265 2.21738010196 2.0144571139
15.100133511348465 2.34300839298 -0.906111308213 2.29876979417 2.04828550641
15.14018691588785 2.3048425735 -0.998574277839 2.38135459172 2.07409119279
15.180240320427236 2.26310296911 -1.08450870304 2.46480841127 2.09164314016
15.220293724966622 2.21805723797 -1.16361070336 2.54879667826 2.10074715507
15.260347129506007 2.16998454571 -1.23561198668 2.63297776194 2.10124722739
15.300400534045394 2.11917415193 -1.30028105862 2.7170044931 2.09302656208
15.34045393858478 2.06592374782 -1.35742355236 2.80052589465 2.07600771003
15.380507343124165 2.01053798242 -1.40688343425 2.88318875889 2.05015359291
15.42056074766355 1.95332704042 -1.44854353303 2.96463914729 2.01546784734
15.460614152202938 1.89460509638 -1.48232588343 3.04452400563 1.97199497523
15.500667556742323 1.83468848555 -1.5081917419 3.12249304766 1.91982014896
15.540720961281709 1.77389447232 -1.5261418315 3.19820005298 1.85906927706
15.580774365821094 1.71253943329 -1.53621599621 3.27130472463 1.78990844486
15.620827770360481 1.65093732696 -1.53849280687 3.34147425719 1.71254331887
15.660881174899867 1.589398324 -1.53308901262 3.40838473669 1.62721840167
15.700934579439252 1.52822704774 -1.52015876287 3.47172292442 1.53421603883
15.740987983978638 1.46772128579 -1.49989266468 3.5311875568 1.433855279
15.781041388518023 1.40817047176 -1.47251664028 3.58649086999 1.32649052188
15.82109479305741 1.34985422514 -1.4382906381 3.63736005869 1.21251002024
15.861148197596796 1.29304122982 -1.3975071952 3.68353838257 1.09233424489
15.901201602136181 1.23798771672 -1.35048982428 3.72478667109 0.966414057214
15.941255006675567 1.18493639333 -1.29759120412 3.7608843604 0.835228700077
15.981308411214954 1.13411532902 -1.23919137097 3.79163057563 0.699283787827
16.02136181575434 1.08573683938 -1.17569557604 3.81684520056 0.559108958624
16.061415220293725 1.0399965401 -1.10753225636 3.8363697759 0.415255647944
16.10146862483311 0.997072403124 -1.03515074087 3.8500683846 0.268294594702
16.141522029372496 0.957124132768 -0.959018775099 3.85782819722 0.118813176317
16.18157543391188 0.920292185894 -0.879620368448 3.85956039948 -0.0325869438982
16.22162883845127 0.886697554661 -0.797452849855 3.85520029413 -0.185292939945
16.261682242990656 0.856441023964 -0.713024601292 3.84470797608 -0.338683281173
16.30173564753004 0.829602775582 -0.626852413776 3.82806863087 -0.492130558432
16.341789052069426 0.806242246116 -0.539458706221 3.80529256026 -0.645004438289
16.381842456608812 0.786397813564 -0.451368916711 3.77641539406 -0.796674449752
16.421895861148197 0.770086848556 -0.363108776914 3.74149791257 -0.946512873713
16.461949265687583 0.75730567666 -0.275201639888 3.70062596408 -1.09389758184
16.502002670226968 0.748029742752 -0.188165777691 3.65391016749 -1.23821489728
16.542056074766354 0.742213923254 -0.102511764693 3.60148545879 -1.37886236126
16.582109479305743 0.739792778233 -0.0187398414246 3.54351070132 -1.5152515222
16.622162883845128 0.74068114267 0.0626625994501 3.4801679372 -1.6468105848
16.662216288384514 0.744774593497 0.141223516667 3.41166177069 -1.77298705389
16.7022696929239 0.751950146812 0.216488626452 3.3382185081 -1.89325026822
16.742323097463284 0.762067050306 0.288023662232 3.26008519794 -2.00709377987
16.78237650200267 0.774967543109 0.355416669494 3.17752870515 -2.11403777113
16.822429906542055 0.790477900184 0.418279984693 3.09083448585 -2.21363113446
16.86248331108144 0.808409353662 0.476252294826 3.00030549178 -2.30545364034
16.902536715620826 0.828559229391 0.529000437619 2.90626084812 -2.38911782928
16.942590120160215 0.850712119271 0.576221043508 2.80903449389 -2.46427073884
16.9826435246996 0.874641063602 0.617642170404 2.70897381171 -2.5305956228
17.022696929238986 0.900108911664 0.653024512454 2.60643807019 -2.58781322319
17.06275033377837 0.926869482856 0.682163036328 2.50179707595 -2.6356834916
17.102803738317757 0.954669227708 0.704887334764 2.39542929982 -2.67400596468
17.142857142857142 0.983248376942 0.721063259494 2.28772054161 -2.70262148228
17.182910547396528 1.0123426047 0.730592851982 2.1790620535 -2.72141212321
17.222963951935913 1.04168432602 0.733415622286 2.06984904857 -2.73030255142
17.2630173564753 1.07100434455 0.729508056128 1.96047883978 -2.72925951057
17.303070761014688 1.10003323107 0.718884567553 1.85134926308 -2.71829282901
17.343124165554073 1.12850290746 0.701596607641 1.74285688197 -2.69745449917
17.38317757009346 1.15614809502 0.677733249045 1.63539533706 -2.66683929781
17.423230974632844 1.18270781187 0.647419920605 1.52935364029 -2.62658347528
17.46328437917223 1.20792684883 0.610818571374 1.42511449472 -2.57686493657
17.503337783711615 1.23155713219 0.5681260086 1.32305272841 -2.51790151584
17.543391188251 1.25335925393 0.519573957229 1.22353355735 -2.44995104875
17.583444592790386 1.2731037581 0.46542751624 1.12691109927 -2.37330976908
17.623497997329775 1.29057232236 0.405983115118 1.033526996 -2.28831018234
17.66355140186916 1.3055592614 0.341567254267 0.943708701482 -2.19531976165
17.703604806408546 1.31787251865 0.272535435153 0.85776830461 -2.09473983454
17.74365821094793 1.32733472243 0.199270772407 0.776001284012 -1.98700413862
17.783711615487316 1.33378437631 0.122181201881 0.698685119806 -1.87257591193
17.823765020026702 1.33707687862 0.041697210415 0.626078084772 -1.75194552495
17.863818424566087 1.33708530325 -0.0417298326165 0.558418286727 -1.62562873677
17.903871829105473 1.33370104661 -0.127629500005 0.495922850684 -1.49416478274
17.94392523364486 1.32683476767 -0.215515498805 0.438786792355 -1.35811304312
17.983978638184247 1.31641692645 -0.304887935605 0.38718231303 -1.2180506673
18.024032042723633 1.3023981559 -0.395235477941 0.341258268887 -1.07457030031
18.064085447263018 1.28474978829 -0.48603828325 0.301139479546 -0.928277012915
18.104138851802404 1.263464117 -0.576770557745 0.266926313204 -0.779785608501
18.14419225634179 1.23855454764 -0.66690317277 0.238694388 -0.629717865078
18.184245660881174 1.21005570985 -0.75590640742 0.216494316491 -0.478699643161
18.22429906542056 1.17802342122 -0.843252647225 0.200351605118 -0.327358032947
18.264352469959945 1.1425345388 -0.928419060628 0.190266672564 -0.176318518556
18.30440587449933 1.10368672515 -1.01089027365 0.18621495986 -0.0262021389332
18.34445927903872 1.06159808514 -1.09016109281 0.188147175042 0.122377406072
18.384512683578105 1.01640671558 -1.16573902608 0.195989634541 0.268816449071
18.42456608811749 0.968270145077 -1.23714681857 0.209644720281 0.41252406889
18.464619492656876 0.917364659161 -1.30392507968 0.228991456058 0.552924903089
18.50467289719626 0.863884567179 -1.36563442747 0.253886155686 0.68946147312
18.544726301735647 0.808041312237 -1.42185805502 0.284163228128 0.821596945739
18.584779706275032 0.750062562405 -1.47220374727 0.319636015141 0.94881733834
18.624833110814418 0.690191165373 -1.51630600862 0.360097770309 1.07063384307
18.664886515353807 0.628684017463 -1.55382811556 0.405322730872 1.18658507948
18.704939919893192 0.565810940016 -1.5844637336 0.455067193848 1.29623890622
18.744993324432578 0.501853334597 -1.60793883104 0.509070816229 1.39919454312
18.785046728971963 0.437102950039 -1.62401300475 0.567057816215 1.49508409451
18.82510013351135 0.371860448483 -1.63248094209 0.62873838061 1.58357421899
18.865153538050734 0.30643397427 -1.63317362915 0.693810078329 1.66436754335
18.90520694259012 0.241137750629 -1.62595925378 0.76195925559 1.73720376736
18.945260347129505 0.176290446792 -1.61074421208 0.832862666572 1.80186088309
18.98531375166889 0.112213760981 -1.58747362107 0.906188898753 1.85815588703
19.02536715620828 0.0492307930165 -1.55613184396 0.981600015626 1.90594551409
19.065420560747665 -0.012335514624 -1.51674277609 1.0587531392 1.94512672755
19.10547396528705 -0.072163991978 -1.46936994326 1.13730209727 1.97563702226
19.145527369826436 -0.129936794118 -1.41411637651 1.21689901604 1.9974545001
19.18558077436582 -0.185340983466 -1.35112430974 1.29719595081 2.01059776801
19.225634178905207 -0.23807010911 -1.28057471471 1.37784652122 2.01512567233
19.265687583444592 -0.287825717023 -1.20268661904 1.45850748546 2.01113681136
19.305740987983977 -0.334318899781 -1.11771624445 1.53884036216 1.99876886864
19.345794392523363 -0.377271706386 -1.02595596429 1.6185129192 1.97819775804
19.385847797062752 -0.416418636835 -0.927733073243 1.69720075614 1.94963658328
19.425901201602137 -0.451507939739 -0.823408425067 1.77458869527 1.91333445568
19.465954606141523 -0.482303000815 -0.713374835218 1.85037227306 1.86957507924
19.506008010680908 -0.508583515755 -0.598055412242 1.92425902052 1.81867525392
19.546061415220294 -0.530146729974 -0.477901643109 1.99596982004 1.7609831342
19.58611481975968 -0.546808457898 -0.353391472305 2.06524004518 1.6968764705
19.626168224299064 -0.558404206071 -0.225027036485 2.13182081568 1.62676050938
19.66622162883845 -0.564790094961 -0.0933324090519 2.19548005448 1.55106589331
19.706275033377835 -0.565843491689 0.0411485219407 2.25600325636 1.47024667928
19.746328437917224 -0.561463998252 0.177854877211 2.31319463122 1.38477767118
19.78638184245661 -0.551573991962 0.316211186403 2.36687779409 1.29515215307
19.826435246995995 -0.536119063306 0.455629845162 2.41689635771 1.20187955917
19.86648865153538 -0.515068626746 0.595514223474 2.46311471524 1.10548250079
19.906542056074766 -0.488416096164 0.735261066066 2.50541837703 1.00649447677
19.94659546061415 -0.456179096999 0.874263329711 2.54371435676 0.905457148889
19.986648865153537 -0.418399653167 1.01191330494 2.57793154207 0.802917330915
20.026702269692922 -0.375144064009 1.1476049766 2.60802074341 0.699424717806
20.06675567423231 -0.326502818533 1.28073713971 2.63395479957 0.595528864704
20.106809078771697 -0.27259036852 1.4107163392 2.6557285422 0.491776332011
20.146862483311082 -0.213544715681 1.53695915954 2.6733585645 0.38870846416
20.186915887850468 -0.14952697595 1.6588954485 2.6868829906 0.28685823961
20.226969292389853 -0.0807207993087 1.77597091441 2.69636109083 0.186747732178
20.26702269692924 -0.0073316923805 1.8876493478 2.70187279518 0.0888859367126
20.307076101468624 0.070413799153 1.99341572021 2.70351808976 -0.00623428024276
20.34712950600801 0.152268961066 2.09277838614 2.70141634356 -0.0981383494016
20.387182910547395 0.237967864742 2.18527115559 2.69570555324 -0.186372045891
20.427236315086784 0.327226476384 2.270455883 2.68654144682 -0.270504055962
20.46728971962617 0.419743807 2.34792444166 2.67409653684 -0.350127941509
20.507343124165555 0.515203154862 2.41730068254 2.658559084 -0.424864096233
20.54739652870494 0.613273430554 2.47824223033 2.64013197805 -0.494361548161
20.587449933244326 0.713610535661 2.5304421621 2.61903156478 -0.558299651139
20.62750333778371 0.815858771398 2.57363061103 2.59548644271 -0.616389705183
20.667556742323097 0.919652430438 2.60757586936 2.56973607411 -0.668376100979
20.707610146862482 1.02461733514 2.63208570573 2.54202945132 -0.714037669148
20.747663551401867 1.13037236245 2.64700830492 2.51262376985 -0.753188664407
20.787716955941256 1.2365311738 2.65223300992 2.48178289958 -0.785679567364
20.827770360480642 1.34270382575 2.64769095046 2.44977596939 -0.811397772188
20.867823765020027 1.44849843165 2.63335547064 2.41687589918 -0.830268082288
20.907877169559413 1.55352292976 2.60924229928 2.3833578243 -0.842252962819
20.947930574098798 1.65738668469 2.57540955298 2.34949767837 -0.847352626482
20.987983978638184 1.75970229064 2.53195758391 2.31557057835 -0.845604975834
21.02803738317757 1.86008714687 2.47902856122 2.28184942457 -0.837085283337
21.068090787716955 1.95816522466 2.41680592627 2.24860331422 -0.821905755035
21.108144192256344 2.0535686161 2.34551356418 2.2160961595 -0.800214817058
21.14819759679573 2.14593920316 2.2654149541 2.18458519001 -0.772196383717
21.188251001335114 2.23493020443 2.17681191612 2.15431956513 -0.738068736265
21.2283044058745 2.32020762426 2.08004336535 2.12553908018 -0.698083407519
21.268357810413885 2.40145179814 1.97548380025 2.0984727756 -0.652523812236
21.30841121495327 2.47835873829 1.86354164244 2.07333773452 -0.60170373258
21.348464619492656 2.55064146362 1.74465743199 2.05033789271 -0.545965664996
21.38851802403204 2.61803125354 1.61930186426 2.02966291825 -0.485679014403
21.428571428571427 2.68027880545 1.48797367716 2.01148718027 -0.421238144282
21.468624833110816 2.73715531702 1.35119742644 1.99596878713 -0.353060319161
21.5086782376502 2.78845347498 1.20952113635 1.98324871113 -0.281583527252
21.548731642189587 2.83398834784 1.06351384018 1.97345000228 -0.207264197486
21.588785046728972 2.87359817358 0.913763018778 1.96667709976 -0.130574818833
21.628838451268358 2.90714503907 0.760871955336 1.96301524384 -0.0520014796825
21.668891855807743 2.93451544054 0.605457014025 1.96252999879 0.0279586650345
21.70894526034713 2.95562087571 0.448144938939 1.96526674605 0.108799907488
21.748998664886514 2.97039805103 0.289569951686 1.97125053586 0.190010690766
21.7890520694259 2.97880910482 0.130370811797 1.98048592369 0.271076349117
21.82910547396529 2.98084188727 -0.0288118356129 1.99295675478 0.35148156947
21.869158878504674 2.9765098628 -0.187338510223 2.00862629922 0.430713234658
21.90921228304406 2.96585205525 -0.344573679475 2.02743734743 0.508263006753
21.949265687583445 2.94893281135 -0.499888692817 2.04931247465 0.583630055007
21.98931909212283 2.925841475 -0.652664517188 2.07415438741 0.656323588201
22.029372496662216 2.89669194581 -0.802294580141 2.10184637821 0.725865490422
22.0694259012016 2.86162212389 -0.948187425089 2.13225288488 0.791792771785
22.109479305740987 2.82079324598 -1.08976941676 2.16522015099 0.853660066153
22.149532710280372 2.77438913111 -1.22648721465 2.20057696778 0.911041900709
22.18958611481976 2.72261530876 -1.35781031388 2.23813552652 0.963535029722
22.229639519359147 2.66569806457 -1.48323331936 2.27769234357 1.01076050643
22.269692923898532 2.60388338375 -1.60227820626 2.31902928061 1.05236573984
22.309746328437917 2.53743581745 -1.7144964382 2.36191463425 1.08802641128
22.349799732977303 2.46663726147 -1.81947090048 2.4061043042 1.11744820905
22.38985313751669 2.39178565348 -1.91681771187 2.45134303489 1.14036844303
22.429906542056074 2.31319361443 -2.00618788179 2.49736570614 1.15655750742
22.46995994659546 2.23118702146 -2.08726880182 2.54389868418 1.16582018071
22.510013351134848 2.14610349988 -2.15978547718 2.59066124229 1.16799667049
22.550066755674234 2.0582908964 -2.22350166143 2.6373669966 1.16296356357
22.59012016021362 1.96810585434 -2.27822138327 2.68372525581 1.15063516033
22.630173564753004 1.87591205041 -2.32378906448 2.72944265247 1.13096342923
22.67022696929239 1.78207845774 -2.3600899101 2.77422475713 1.10393822707
22.710280373831775 1.68697768284 -2.38705068226 2.81777763326 1.06958789469
22.75033377837116 1.59098469699 -2.40464009423 2.85980900277 1.02797949183
22.790387182910546 1.49447482538 -2.41286847063 2.90003010013 0.979218300265
22.83044058744993 1.39782198824 -2.41178746177 2.93815728617 0.923447385855
22.87049399198932 1.30139744793 -2.40149004348 2.97391318428 0.8608474513
22.910547396528706 1.20556776836 -2.38210960401 3.00702854595 0.791635779934
22.95060080106809 1.11069335563 -2.3538192546 3.03724356071 0.716065413996
22.990654205607477 1.01712706351 -2.3168309315 3.06430909536 0.634424132407
23.030707610146862 0.925212348935 -2.27139418039 3.08798836258 0.547033104709
23.070761014686248 0.835282014528 -2.217794884 3.10805801431 0.454245511236
23.110814419225633 0.747656724389 -2.15635374655 3.1243094484 0.356444917924
23.15086782376502 0.662643505829 -2.08742459963 3.13655012267 0.254043476964
23.190921228304404 0.580534725872 -2.0113927795 3.14460440405 0.147480217809
23.230974632843793 0.501606666319 -1.92867301724 3.14831479864 0.037218845893
23.27102803738318 0.426118361779 -1.8397073424 3.14754292239 -0.0762544326995
23.311081441922564 0.354310750829 -1.74496310543 3.14217016471 -0.192432954534
23.35113484646195 0.286405550051 -1.64493048834 3.13209861135 -0.310792155481
23.391188251001335 0.222604414734 -1.54012012195 3.11725168642 -0.430792007785
23.43124165554072 0.163088179836 -1.43106059329 3.09757471124 -0.55187955955
23.471295060080106 0.108016191933 -1.3182958623 3.07303536995 -0.673491557173
23.51134846461949 0.0575257471481 -1.20238261401 3.04362406784 -0.795057124007
23.55140186915888 0.0117316645762 -1.0838875495 3.00935415293 -0.91600049002
23.591455273698266 -0.0292741352004 -0.963384670838 2.97026213233 -1.03574372702
23.63150867823765 -0.0654228913792 -0.841452517952 2.92640772762 -1.1537095199
23.671562082777037 -0.0966689193082 -0.71867130785 2.87787358352 -1.2693240097
23.711615487316422 -0.122989776535 -0.595620209734 2.82476522925 -1.38201951974
23.751668891855807 -0.144386229338 -0.472874630424 2.76721084091 -1.49123725687
23.791722296395193 -0.160881937393 -0.351003402111 2.70536072028 -1.59643008875
23.83177570093458 -0.172523149959 -0.230566073389 2.63938678769 -1.69706521919
23.871829105473964 -0.179378313099 -0.112110312123 2.56948198881 -1.79262674429
23.911882510013353 -0.181537531156 0.00383071269383 2.49585955554 -1.88261821908
23.951935914552738 -0.179111926222 0.116740821306 2.41875216855 -1.96656508845
23.991989319092124 -0.172232908708 0.226123269444 2.33841103207 -2.04401706677
24.03204272363151 -0.161051366697 0.331503016525 2.25510487212 -2.11455033198
24.072096128170895 -0.145736738836 0.432428969271 2.16911881949 -2.17776968665
24.11214953271028 -0.126476018199 0.52847604056 2.0807532286 -2.23331052734
24.152202937249665 -0.10347268165 0.619247083267 1.9903224254 -2.28084068172
24.19225634178905 -0.0769455107796 0.70437474245 1.89815334919 -2.32006215585
24.232309746328436 -0.0471273488709 0.783523149192 1.80458413502 -2.35071271636
24.272363150867825 -0.0142639037385 0.856389223607 1.70996275332 -2.37256707787
24.31241655540721 0.0213877279018 0.922704248503 1.61464536289 -2.38543834823
24.352469959946596 0.0595603785992 0.982234908225 1.51899483784 -2.38917893832
24.39252336448598 0.0999782137091 1.03478421457 1.42337921241 -2.38368135144
24.432576769025367 0.142358271334 1.08019241839 1.32816998963 -2.36887894955
24.472630173564752 0.186411978687 1.11833763791 1.23374048233 -2.34474643167
24.512683578104138 0.231846618188 1.14913621328 1.14046421416 -2.31130003543
24.552736982643523 0.27836689957 1.17254297752 1.04871321643 -2.26859764664
24.59279038718291 0.325676489196 1.18855132491 0.958856375723 -2.21673870285
24.632843791722298 0.37347957352 1.19719306721 0.87125775366 -2.15586387884
24.672897196261683 0.42148236016 1.19853809102 0.786274977314 -2.08615457024
24.71295060080107 0.469394624313 1.19269385216 0.704257589494 -2.00783220812
24.753004005340454 0.516931175078 1.17980468179 0.625545487918 -1.92115738314
24.79305740987984 0.563813336374 1.1600508985 0.550467356023 -1.82642877041
24.833110814419225 0.609770350092 1.1336477506 0.479339180047 -1.72398188253
24.87316421895861 0.65454075846 1.10084419384 0.412462793897 -1.61418765418
24.913217623497996 0.697873733631 1.06192148932 0.350124484686 -1.49745084404
24.953271028037385 0.739530337665 1.01719165674 0.292593675935 -1.37420829016
24.99332443257677 0.779284704487 0.966995779166 0.240121697062 -1.24492701507
25.033377837116156 0.816925195244 0.911702143898 0.192940586631 -1.11010216353
25.07343124165554 0.852255419925 0.851704294215 0.151262038509 -0.970254852151
25.113484646194927 0.885095240038 0.787418892767 0.115276374129 -0.825929826423
25.153538050734312 0.915281611742 0.719283562581 0.0851516835971 -0.677693098393
25.193591455273697 0.942669420574 0.647754512352 0.0610329823303 -0.526129363624
25.233644859813083 0.967132138565 0.573304211336 0.0430415545353 -0.37183947255
25.27369826435247 0.988562464059 0.496418824847 0.0312743214613 -0.215437657322
25.313751668891857 1.00687278343 0.4175957633 0.025803396577 -0.0575488782608
25.353805073431243 1.02199560334 0.337340978186 0.0266756780706 0.10119408784
25.39385847797063 1.03388381227 0.256166429478 0.0339126203424 0.26015338081
25.433911882510014 1.04251087771 0.174587377375 0.0475100780287 0.418688968515
25.4739652870494 1.04787093521 0.093119670542 0.067438266052 0.576161559727
25.514018691588785 1.0499787459 0.0122771110227 0.0936418594007 0.73193543592
25.55407209612817 1.04886956228 -0.0674312294051 0.126040192416 0.885381330888
25.594125500667555 1.04459889097 -0.145503648941 0.164527568733 1.03587926329
25.63417890520694 1.03724214197 -0.221448421653 0.20897369267 1.18282133228
25.67423230974633 1.02689417657 -0.294786348536 0.259224209383 1.32561445493
25.714285714285715 1.01366875879 -0.365053239508 0.315101348668 1.46368303072
25.7543391188251 0.997697903173 -0.431802336541 0.37640468008 1.59647154367
25.794392523364486 0.97913113128 -0.494606624348 0.442911965957 1.72344704718
25.83444592790387 0.958134643487 -0.553061037188 0.514380106016 1.8441015403
25.874499332443257 0.934890372997 -0.6067846478 0.590546207765 1.95795432363
25.914552736982643 0.909594994611 -0.655422616176 0.671128706949 2.06455410707
25.954606141522028 0.882458869448 -0.698647955352 0.755828557649 2.16348092797
25.994659546061417 0.853704817755 -0.736163464978 0.844330605102 2.25434823904
26.034712950600802 0.823566997544 -0.767703070202 0.936304850871 2.33680438468
26.074766355140188 0.792289538305 -0.793033412694 1.03140797647 2.41053433373
26.114819759679573 0.760125240555 -0.811955051778 1.1292848016 2.47526101023
26.15487316421896 0.727334236402 -0.824303467855 1.22956978613 2.53074641928
26.194926568758344 0.694182462228 -0.829950132385 1.33188873072 2.57679283937
26.23497997329773 0.660940346696 -0.828803068805 1.43586025703 2.61324348917
26.275033377837115 0.627881205936 -0.820807522747 1.54109759528 2.63998330572
26.3150867823765 0.595279807075 -0.80594627637 1.64721020048 2.6569393539
26.35514018691589 0.56341089184 -0.784239787002 1.75380541326 2.66408105329
26.395193591455275 0.532547550233 -0.755746247562 1.86049027986 2.66142032366
26.43524699599466 0.502959878874 -0.720561304308 1.96687307963 2.64901137293
26.475300400534046 0.474913332182 -0.678817710721 2.07256517504 2.62695042095
26.51535380507343 0.448667334148 -0.630684736405 2.17718259403 2.59537516528
26.555407209612817 0.4244738419 -0.576367392779 2.2803476658 2.55446405723
26.595460614152202 0.402575824639 -0.516105492576 2.3816907479 2.50443540586
26.635514018691588 0.383206061007 -0.450172555342 2.48085162501 2.44554631533
26.675567423230973 0.366585649045 -0.378874469245 2.57748121046 2.37809137534
26.715620827770362 0.352922835454 -0.302548084396 2.67124291795 2.30240127141
26.755674232309747 0.34241180702 -0.221559591714 2.76181407608 2.21884117357
26.795727636849133 0.335231458639 -0.136302708467 2.84888737066 2.12780892443
26.83578104138852 0.331544477555 -0.047196898181 2.93217195922 2.02973325131
26.875834445927904 0.331496204181 0.0453148109025 3.0113948233 1.92507157071
26.91588785046729 0.335213793336 0.140767908172 3.08630180871 1.81430788262
26.955941255006675 0.34280547733 0.238678575898 3.15665856191 1.69795056363
26.99599465954606 0.35435971621 0.338546196811 3.22225158888 1.57652982063
27.03604806408545 0.369944598548 0.439855785153 3.28288905352 1.45059521202
27.076101468624834 0.389607378214 0.542080454518 3.33840143594 1.32071312413
27.11615487316422 0.413373998053 0.644684064379 3.38864220767 1.18746406165
27.156208277703605 0.441248778506 0.747123866752 3.43348833616 1.05143992977
27.19626168224299 0.473214221491 0.848853181784 3.47284067063 0.913241279658
27.236315086782376 0.509230897715 0.949324124714 3.5066242423 0.773474495082
27.27636849132176 0.549237451762 1.0479903353 3.53478844285 0.632748969198
27.316421895861147 0.593150723265 1.14430969891 3.55730708251 0.49167428235
27.356475300400533 0.640865970821 1.23774706189 3.57417834155 0.350857378381
27.39652870493992 0.692257200106 1.32777694387 3.58542461376 0.210899737259
27.436582109479307 0.747177633547 1.41388616329 3.59109220136 0.0723946259388
27.476635514018692 0.805460177955 1.49557644443 3.59125101156 -0.0640756319688
27.516688918558078 0.866918159184 1.57236693814 3.58599397435 -0.197942317571
27.556742323097463 0.931346003082 1.64379671024 3.57543651522 -0.328652941766
27.59679572763685 0.998520141444 1.70942704698 3.55971579005 -0.455673701376
27.636849132176234 1.06819988785 1.7688438014 3.53898995229 -0.578491974331
27.67690253671562 1.14012853594 1.82165942951 3.51343718141 -0.696618518165
27.716955941255005 1.21403437605 1.86751516845 3.4832547997 -0.809589805574
27.757009345794394 1.28963199315 1.90608273884 3.4486580843 -0.91696990177
27.79706275033378 1.36662339504 1.93706634464 3.40987926341 -1.0183526286
27.837116154873165 1.44469945019 1.96020405835 3.36716617364 -1.11336313389
27.87716955941255 1.52354129827 1.97526924428 3.32078094671 -1.20165949699
27.917222963951936 1.60282165627 1.98207204058 3.27099880525 -1.28293438717
27.95727636849132 1.68220641596 1.98046029934 3.21810654012 -1.35691619893
27.997329773030707 1.76135614606 1.97032057018 3.1624010871 -1.42337022538
28.037383177570092 1.8399276536 1.95157883073 3.10418803346 -1.48209958293
28.077436582109478 1.91757558511 1.92420101233 3.04378007585 -1.53294593479
28.117489986648867 1.99395402619 1.88819340605 2.98149547492 -1.57579009561
28.157543391188252 2.06871812705 1.8436027425 2.91765647034 -1.61055231353
28.197596795727637 2.1415257206 1.79051606928 2.85258769478 -1.63719235098
28.237650200267023 2.21203893053 1.72906127695 2.78661462506 -1.65571020882
28.27770360480641 2.27992577491 1.65940618341 2.72006197694 -1.66614541963
28.317757009345794 2.34486177106 1.58175722207 2.65325208209 -1.668575948
28.35781041388518 2.40653163592 1.49635930365 2.58650321923 -1.66311825963
28.397863818424565 2.46463052993 1.40349512899 2.52012837579 -1.64992682586
28.437917222963954 2.51886558708 1.30348390882 2.4544337002 -1.62919305235
28.47797062750334 2.56895760465 1.1966794401 2.38971676801 -1.60114357596
28.518024032042725 2.6146420875 1.08346934941 2.32626553586 -1.56603969232
28.55807743658211 2.65567075156 0.964273080295 2.26435678915 -1.52417555656
28.598130841121495 2.69181283847 0.839539953206 2.20425477781 -1.47587644831
28.63818424566088 2.72285596619 0.709747576106 2.14621031778 -1.42149736656
28.678237650200266 2.74860749577 0.575399458564 2.09045936007 -1.36142085378
28.71829105473965 2.76889548632 0.437022821153 2.03722196658 -1.29605499719
28.758344459279037 2.78356943031 0.295166398901 1.98670149833 -1.22583141398
28.798397863818426 2.79250130175 0.150397716697 1.93908348056 -1.15120272785
28.83845126835781 2.79558617357 0.00330065305124 1.89453489398 -1.0726403123
28.878504672897197 2.79274263877 -0.145526890937 1.85320365714 -0.990632130601
28.918558077436582 2.78391349928 -0.295475988858 1.81521782783 -0.905679924485
28.958611481975968 2.76906623157 -0.445929558119 1.78068502278 -0.818296520783
28.998664886515353 2.74819308522 -0.596264904353 1.74969220109 -0.729003445396
29.03871829105474 2.72131128814 -0.745856633922 1.72230533113 -0.638328175363
29.078771695594124 2.68846316018 -0.89407954652 1.69856914335 -0.546801405635
29.11882510013351 2.64971601082 -1.04031147456 1.67850709289 -0.454954360057
29.1588785046729 2.60516194538 -1.18393610709 1.66212140796 -0.363316112731
29.198931909212284 2.55491759494 -1.32434583472 1.64939320858 -0.272410883683
29.23898531375167 2.49912371328 -1.46094454371 1.6402827527 -0.182755378592
29.279038718291055 2.43794464914 -1.59315033475 1.63472980215 -0.0948561968373
29.31909212283044 2.37156772666 -1.72039823273 1.63265407481 -0.00920724324331
29.359145527369826 2.30020252098 -1.84214275192 1.63395579787 0.0737127239177
29.39919893190921 2.22408002158 -1.95786044531 1.63851636793 0.153442534537
29.439252336448597 2.1434517028 -2.06705231103 1.64619910034 0.229540913463
29.479305740987986 2.05858849726 -2.16924610099 1.65685007167 0.301588696544
29.51935914552737 1.96977967919 -2.26399850931 1.6702990485 0.369190933897
29.559412550066757 1.87733166663 -2.35089722375 1.68636049476 0.431978863847
29.599465954606142 1.78156673025 -2.42956285574 1.7048346673 0.489611772525
29.639519359145527 1.68282166085 -2.49965066518 1.72550875533 0.541778658092
29.679572763684913 1.58144632813 -2.56085220249 1.74815811947 0.588199817195
29.7196261682243 1.47780214356 -2.61289677216 1.77254762136 0.628628261936
29.759679572763684 1.37226065672 -2.65555259338 1.7984328422 0.662850845507
29.79973297730307 1.26520218285 -2.68862772125 1.8255612785 0.69068915826
29.83978638184246 1.1570133638 -2.71197171276 1.85367446663 0.712001147747
29.879839786381844 1.04808625649 -2.72547552134 1.8825087913 0.726681027044
29.91989319092123 0.938816523939 -2.72907228558 1.91179706944 0.734660048323
29.959946595460615 0.829601605071 -2.72273760554 1.9412701583 0.735906785361
30.0 0.720839068149 -2.70648988369 1.97065840067 0.730427476248
